Game_Number,Date,Opponent,Location,Conference_Game,Result,Team_Score,Opponent_Score,Point_Differential,Attendance,Season_Record_After,Conference_Record_After,Season_PPG_Average,Season_Opponent_PPG_Average,Season_FG_Pct,Season_3PT_Pct,Season_FT_Pct,Season_Rebounds_Per_Game,Season_Assists_Per_Game,Season_Turnovers_Per_Game,Season_Steals_Per_Game,Season_Blocks_Per_Game,Cumulative_Points_For,Cumulative_Points_Against
1,11/08/24,Marymount (VA),Home,No,W,79,45,34,225,1-0,0-0,79,45,0.481,0.367,0.769,42,17.3,17.3,7.8,4.8,79,45
2,11/09/24,Ohio Wesleyan,Home,No,L,58,72,-14,250,1-1,0-0,68.5,58.5,0.481,0.367,0.769,42,17.3,17.3,7.8,4.8,137,117
3,11/16/24,Dickinson,Away,No,W,83,48,35,195,2-1,0-0,73.3,55,0.481,0.367,0.769,42,17.3,17.3,7.8,4.8,220,165
4,11/20/24,Catholic,Away,Yes,W,73,69,4,187,3-1,1-0,73.3,58.5,0.481,0.367,0.769,42,17.3,17.3,7.8,4.8,293,234
5,11/23/24,Lycoming,Home,Yes,W,88,31,57,188,4-1,2-0,76.2,53,0.481,0.367,0.769,42,17.3,17.3,7.8,4.8,381,265
6,11/26/24,Lebanon Valley,Away,No,W,72,65,7,259,5-1,2-0,75.5,55,0.481,0.367,0.769,42,17.3,17.3,7.8,4.8,453,330
7,12/04/24,Juniata,Home,Yes,W,86,64,22,135,6-1,3-0,77,56,0.481,0.367,0.769,42,17.3,17.3,7.8,4.8,539,394
8,12/07/24,Susquehanna,Away,Yes,W,62,53,9,361,7-1,4-0,75.1,55.5,0.481,0.367,0.769,42,17.3,17.3,7.8,4.8,601,447
9,12/17/24,Arcadia,Away,No,W,80,65,15,150,8-1,4-0,75.7,56.3,0.481,0.367,0.769,42,17.3,17.3,7.8,4.8,681,512
10,12/30/24,Ursinus,Home,No,W,72,46,26,155,9-1,4-0,75.4,55.8,0.481,0.367,0.769,42,17.3,17.3,7.8,4.8,753,558
11,01/02/25,Rowan,Away,No,W,69,58,11,132,10-1,4-0,74.9,56,0.481,0.367,0.769,42,17.3,17.3,7.8,4.8,822,616
12,01/08/25,Scranton,Away,Yes,L,57,82,-25,298,10-2,4-1,73.8,57.3,0.481,0.367,0.769,42,17.3,17.3,7.8,4.8,879,698
13,01/12/25,Wilkes,Neutral,Yes,W,83,54,29,308,11-2,5-1,74.3,57.2,0.481,0.367,0.769,42,17.3,17.3,7.8,4.8,962,752
14,01/15/25,Goucher,Home,Yes,W,101,74,27,204,12-2,6-1,75.4,58,0.481,0.367,0.769,42,17.3,17.3,7.8,4.8,1063,826
15,01/18/25,Moravian,Home,Yes,W,73,45,28,250,13-2,7-1,75.3,57.4,0.481,0.367,0.769,42,17.3,17.3,7.8,4.8,1136,871
16,01/22/25,Drew,Away,Yes,W,66,51,15,66,14-2,8-1,75,57.3,0.481,0.367,0.769,42,17.3,17.3,7.8,4.8,1202,922
17,01/25/25,Lycoming,Away,Yes,W,88,64,24,458,15-2,9-1,75.5,57.6,0.481,0.367,0.769,42,17.3,17.3,7.8,4.8,1290,986
18,01/29/25,Juniata,Away,Yes,W,81,70,11,122,16-2,10-1,75.7,58,0.481,0.367,0.769,42,17.3,17.3,7.8,4.8,1371,1056
19,02/01/25,Susquehanna,Home,Yes,W,83,74,9,225,17-2,11-1,75.9,58.4,0.481,0.367,0.769,42,17.3,17.3,7.8,4.8,1454,1130
20,02/05/25,Catholic,Home,Yes,L,63,70,-7,205,17-3,11-2,75.4,58.5,0.481,0.367,0.769,42,17.3,17.3,7.8,4.8,1517,1200
21,02/08/25,Moravian,Away,Yes,W,81,48,33,183,18-3,12-2,75.7,58.2,0.481,0.367,0.769,42,17.3,17.3,7.8,4.8,1598,1248
22,02/12/25,Goucher,Away,Yes,W,121,85,36,158,19-3,13-2,76.5,58.8,0.481,0.367,0.769,42,17.3,17.3,7.8,4.8,1719,1333
23,02/15/25,Wilkes,Away,Yes,W,82,55,27,285,20-3,14-2,76.7,58.6,0.481,0.367,0.769,42,17.3,17.3,7.8,4.8,1801,1388
24,02/19/25,Drew,Home,Yes,W,77,57,20,175,21-3,15-2,76.8,58.6,0.481,0.367,0.769,42,17.3,17.3,7.8,4.8,1878,1445
25,02/22/25,Scranton,Home,Yes,W,70,64,6,500,22-3,16-2,76.8,58.6,0.481,0.367,0.769,42,17.3,17.3,7.8,4.8,1948,1509
26,02/27/25,Catholic,Home,No,L,67,79,-12,500,22-4,16-2,76.5,59,0.481,0.367,0.769,42,17.3,17.3,7.8,4.8,2015,1588
27,03/07/25,SUNY Brockport,Neutral,No,W,98,67,31,256,23-4,16-2,77.1,59,0.481,0.367,0.769,42,17.3,17.3,7.8,4.8,2113,1655
28,03/08/25,Randolph-Macon,Away,No,L,56,62,-6,578,23-5,16-2,77.5,61.3,0.481,0.367,0.769,42,17.3,17.3,7.8,4.8,2169,1717
